39772
79543
119313
159082
198848
238613
278377
318140
357902
397663
437423
477182
516940
556697
596453
636208
675962
715715
755467
795218
834968
874717
914463
954208
993952
1033695
1073437
1113178
1152918
1192657
1232395
1272132
1311868
1351603
1391337
1431070
1470802
1510533
1550263
1589991
1629720
1669447
1709173
1748898
1788622
1828345
1868067
1907788
1947508
1987227
2026945
2066662
2106378
2146093
2185807
2225520
2265232
2304943
2344653
2384362
2424070
2463777
2503483
2543180
2582876
2622571
2662265
2701957
2741648
2781338
2821027
2860715
2900402
2940088
2979773
3019457
3059140
3098822
3138503
3178183
3217862
3257540
3297217
3336893
3376568
3416242
3455915
3495587
3535258
3574928
3614597
3654265
3693932
3733598
3778082
3817747
3857411
3897074
3936736
3976396
4016055
4055713
4095370
4135026
4174681
4214335
4253988
4293640
4333291
4372941
4412590
4452238
4491885
4531531
4571176
4610820
4650463
4690105
4729746
4769386
4809025
4848663
4888300
4927936
4967571
5007205
5046838
5086470
5126101
5165731
5205360
5244988
5284615
5324241
5363866
5403490
5443113
5482735
5522356
5561976
5601595
5641213
5680830
5720446
5760061
5799675
5839288
5878899
5918509
5958118
5997726
6037333
6076939
6116544
6156148
6195751
6235353
6274954
6314554
6354153
6393751
6433348
6472944
6512539
6552133
6591726
6631318
6670909
6710499
6750088
6789676
6829263
6868849
6908434
6948018
6987601
7027183
7066764
7106344
7145923
7185501
7225078
7264654
7304229
7343803
7383376
7422948
7462519
7502089
7541658
7581226
7620793
7660359
7699924
7739487
7779051
7818613
7858174
7897734
7937293
7976851
8016408
8055964
8095519
8135073
8174626
8214178
8253729
8293279
8332828
8372376
8411923
8451469
8491014
8530558
8570101
8609643
8649184
8688724
8728263
8767801
8807338
8846874
8886409
8925943
8965476
9005008
9044539
9084069
9123598
9163126
9202653
9242179
9281704
9321228
9360751
9400273
9439794
9479314
9518833
9558351
9597868
9637384
9676899
9716413
9755926
9795438
9834949
9874459
9913968
9953476
9992983
10032489
10071994
10111498
10151001
10190503
10230004
10269504
10309003
10348500
10387998
10427494
10466989
10506483
10545976
10585468
10624959
10664449
10703938
10743426
10782913
10822399
10861884
10901368
10940851
10980333
11019814
11059294
11098773
11138251
11177727
11217201
11256674
11296146
11335617
11375087
11414556
11454024
11493491
11532957
11572422
11611886
11651349
11690811
11730272
11769732
11809191
11848649
11888106
11927562
11967017
12006470
12045922
12085373
12124822
12164272
12203720
12243167
12282613
12322058
12361501
12400945
12440387
12479828
12519267
12558707
12598145
12637582
12677018
12716453
12755887
12795320
12834752
12874183
12913613
12953042
12992470
13031897
13071323
13110748
13150172
13189595
13229017
13268438
13307858
13347277
13386695
13426112
13465528
13504943
13544357
13583770
13623182
13662593
13702003
13741412
13780820
13820227
13859633
13899037
13938440
13977842
14017243
14056643
14096042
14135440
14174837
14214233
14253628
14293022
14332415
14371807
14411198
14450588
14489977
14529365
14568752
14608138
14647523
14686907
14726290
14765672
14805053
14849370
14888749
14928129
14967507
15006884
15046260
15085635
15125009
15164381
15203754
15243125
15282495
15321863
15361232
15400599
15439965
15479330
15518694
15558057
15597419
15636780
15676140
15715499
15754857
15794214
15833570
15872925
15912279
15951632
15990984
16030335
16069685
16109034
16148382
16187729
16227075
16266420
16305764
16345107
16384449
16423790
16463130
16502469
16541807
16581144
16620480
16659815
16699149
16738482
16777814
16817145
16856475
16895804
16935132
16974459
17013785
17053110
17092434
17131757
17171079
17210400
17249720
17289039
17328357
17367674
17406990
17446305
17485619
17524932
17564244
17603555
17642865
17682174
17721482
17760787
17800094
17839400
17878704
17918007
17957300
17996597
18035893
18075188
18114482
18153784
18193076
18232377
18271677
18310976
18350274
18389565
18428855
18468144
18507432
18546719
18586004
18625288
18664571
18703853
18743134
18782414
18821693
18860971
18900248
18939524
18978799
19018073
19057346
19096618
19135889
19175159
19214428
19253696
19292963
19332229
19371494
19410758
19450021
19489283
19528544
19567804
19607063
19646321
19685578
19724834
19764089
19803343
19842596
19881848
19921099
19960349
19999598
20038846
20078093
20117339
20156584
20195828
20235071
20274313
20313554
20352794
20392033
20431271
20470504
20509733
20548956
20588176
20627395
20666613
20705830
20745045
20784258
20823469
20862683
20901895
20941105
20980314
21019522
21058729
21097935
21137140
21176344
21215547
21254749
21293950
21333150
21372349
21411547
21450744
21489940
21529135
21568329
21607522
21646714
21685905
21725095
21764284
21803472
21842659
21881845
21921030
21960214
21999397
22036256
22075438
22114619
22153799
22192978
22232156
22271333
22310509
22349684
22388858
22428031
22467203
22506374
22545544
22584713
22623881
22663048
22702214
22741379
22780543
22819706
22858868
22898029
22937189
22976348
23015506
23054663
23093819
23132974
23172128
23211277
23250430
23289582
23328733
23367883
23407031
23446178
23485324
23524469
23563613
23602756
23641898
23681039
23720179
23759318
23798456
23837593
23876729
23915864
23954998
23994131
24033263
24072394
24111524
24150653
24189781
24228908
24268034
24307159
24346283
24385406
24424528
24463649
24502769
24541888
24581006
24620123
24659239
24698354
24737468
24776581
24815693
24854804
24893914
24933023
24972131
25011238
25050344
25089449
25128553
25167656
25206758
25245859
25284959
25324058
25363156
25402253
25441349
25480444
25519538
25558631
25597721
25636810
25675896
25714981
25754065
25793148
25832230
25871311
25910391
25949470
25988548
26027625
26066701
26105771
26144840
26183896
26222953
26262012
26301070
26340125
26379193
26418260
26457326
26496391
26535455
26574518
26613580
26652641
26691701
26730755
26769808
26808860
26847911
26886961
26926010
26965058
27004105
27043151
27082196
27121240
27160283
27199325
27238366
27277405
27316445
27355483
27394520
27433556
27472591
27511625
27550658
27589690
27628721
27667751
27706780
27745808
27784835
27823861
27862886
27901910
27940933
27979955
28018976
28057996
28097015
28136033
28175050
28214066
28253081
28292095
28331108
28370120
28409131
28448141
28487150
28526158
28565165
28604171
28643176
28682180
28721183
28760185
28799186
28838186
28877185
28916183
28955180
28994176
29033171
29072165
29111158
29150150
29189141
29228131
29267120
29306108
29345095
29384081
29423066
29462050
29501033
29540015
29578996
29617976
29656955
29695933
29734910
29773886
29812861
29851835
29890808
29929780
29968751
30007720
30046688
30085655
30124621
30163586
30202550
30241513
30280475
30319436
30358396
30397355
30436312
30475268
30514223
30553177
30592130
30631082
30670033
30708983
30747932
30786880
30825827
30864773
30903718
30942662
30981605
31020547
31059488
31098428
31137367
31176305
31215242
31254178
31293113
31332047
31370980
31409912
31448843
31487773
31526702
31565630
31604557
31643483
31682408
31721332
31760255
31799177
31838098
31877018
31915937
31954855
31993772
32032688
32071603
32110517
32149430
32188342
32227253
32271182
32310092
32349001
32387909
32426816
32465721
32504627
32543531
32582434
32621336
32660237
32699137
32738036
32776934
32815831
32854727
32893622
32932516
32971409
33010301
33049192
33088082
33126970
33165857
33204743
33243628
33282512
33321395
33360277
33399158
33438038
33476917
33515795
33554672
33593548
33632423
33671297
33710170
33749042
33787913
33826783
33865652
33904520
33943387
33982253
34021118
34059982
34098845
34137707
34176568
34215428
34254287
34293145
34332001
34370856
34409710
34448563
34487415
34526266
34565116
34603965
34642813
34681660
34720506
34759350
34798195
34837038
34875880
34914721
34953561
34992400
35031238
35070075
35108911
35147746
35186580
35225413
35264245
35303076
35341906
35380735
35419563
35458390
35497216
35536040
35574865
35613688
35652510
35691331
35730151
35768970
35807788
35846605
35885421
35924236
35963050
36001863
36040675
36079486
36118296
36157105
36195913
36234719
36273524
36312328
36351130
36389933
36428734
36467534
36506333
36545130
36583926
36622721
36661515
36700308
36739100
36777891
36816681
36855470
36894258
36933045
36971831
37010616
37049400
37088183
37126965
37165746
37204526
37243305
37282083
37320860
37359636
37398411
37437185
37475958
37514655
37553196
37591736
37630275
37668813
37707350
37745886
37784421
37822955
37861488
37900020
37938551
37977081
38015610
38054138
38092665
38131191
38169716
38208240
38246763
38285284
38323804
38362323
38400841
38439358
38477873
38516387
38554900
38593412
38631923
38670433
38708942
38747450
38785957
38824463
38862968
38901472
38939974
38978475
39016975
39055474
39093972
39132464
39170955
39209445
39247934
39286422
39324909
39363395
39401880
39440364
39478847
39517329
39555810
39594290
39632769
39671247
39709724
39748200
39786675
39825149
39863622
39902094
39940565
39979035
40017504
40055972
40094439
40132904
40171368
40209831
40248293
40286754
40325214
40363673
40402131
40440588
40479044
40517499
40555953
40594406
40632858
40671309
40709759
40748208
40786655
40825103
40863549
40901994
40940438
40978881
41017323
41055764
41094204
41132643
41171081
41209518
41247954
41286389
41324820
41363250
41401679
41440107
41478534
41516960
41555385
41593809
41632232
41670654
41709075
41747495
41785914
41824332
41862749
41901162
41939578
41977990
42016404
42054819
42098402
42136813
42175223
42213632
42252040
42290447
42328853
42367258
42405662
42444065
42482467
42520868
42559268
42597667
42636065
42674462
42712858
42751253
42789647
42828040
42866432
42904691
42942949
42981206
43019462
43057716
43095969
43134221
43172472
43210722
43248971
43287219
43325466
43363711
43401955
43440198
43478440
43516681
43554921
43593160
43631396
43669631
43707865
43746098
43784330
43822561
43860791
43899020
43937248
43975475
44013701
44051926
44090150
44128373
44166595
44204816
44243036
44281255
44319473
44357690
44395906
44434121
44472335
44510548
44548760
44586971
44625181
44663390
44701598
44739805
44778011
44816216
44854420
44892623
44930825
44969026
45007226
45045425
45083623
45121820
45160016
45198211
45236405
45274598
45312790
45350981
45389171
45427360
45465548
45503735
45541921
45580106
45618290
45656473
45694655
45732836
45771016
45809195
45847373
45885550
45923726
45961901
46000075
46038248
46076420
46114590
46152758
46190925
46229091
46267256
46305420
46343583
46381745
46419906
46458066
46496225
46534383
46572540
46610696
46648850
46687005
46725158
46763310
46801461
46839611
46877760
46915908
46954055
46992201
47030346
47068490
47106633
47144770
47182905
47221039
47259172
47297304
47335435
47373565
47411694
47449822
47487949
47526071
47564192
47602312
47640430
47678547
47716663
47754778
47792892
47831005
47869117
47907228
47945338
47983447
48021555
48059662
48097768
48135873
48173977
48212080
48250182
48288283
48326383
48364482
48402580
48440677
48478773
48516868
48554962
48593054
48631145
48669234
48707322
48745409
48783495
48821576
48859656
48897740
48935822
48973901
49011979
49050056
49088132
49126207
49164281
49202353
49240421
49278488
49316554
49354619
49392683
49430746
49468808
49506869
49544929
49582988
49621046
49659103
49697159
49735214
49773268
49811321
49849373
49887424
49925474
49963523
50001571
50039618
50077664
50115709
50153753
50191794
50229833
50267871
50305908
50343943
50381977
50420010
50458042
50496073
50534103
50572132
50610160
50648187
50686213
50724238
50762262
50800283
50838303
50876322
50914340
50952355
50990366
51028376
51066312
51104246
51142179
51180111
51218042
51255972
51293900
51331829
51369756
51407682
51445607
51483531
51521454
51559376
51597297
51635217
51673136
51711054
51748971
51786887
51824802
51862716
51900629
51938541
51976452
52014287
52052121
52089954
52127786
52165617
52203447
52241276
52279104
52316931
52354757
52392582
52430406
52468229
52506051
52543872
52581692
52619511
52657329
52695146
52732962
52770777
52808591
52846404
52884216
52922027
52959837
52997646
53035454
53073261
53111067
53148872
53186676
53224479
53262281
53300082
53337882
53375681
53413479
53451276
53489072
53526867
53564661
53602454
53640246
53678037
53715827
53753616
53791404
53829191
53842471
53855750
53869028
53882305
53895581
53933367
53971152
54008936
54046719
54084501
54122282
54160062
54197841
54235619
54273396
54311172
54348947
54386719
54424490
54462260
54500029
54537797
54575564
54613330
54651095
54688859
54726622
54764384
54802145
54839905
54877664
54915422
54953179
54990935
55028690
55066444
55104197
55141949
55179700
55217450
55255199
55292947
55330694
55368440
55406184
55443929
55481671
55519411
55557150
55594886
55632619
55670351
55708082
55745781
55783503
55821213
55858927
55896642
55934355
55972063
56009774
56047481
56085206
56122912
56160621
56198340
56236057
56273775
56311496
56349197
56386923
56424621
56462324
56500024
56537729
56575449
56613172
56650888
56688612
56726309
56764005
56801700
56839394
56877087
56914779
56952470
56990160
57027849
57065537
57103224
57140910
57178595
57216279
57253962
57291644
57329325
57367005
57404684
57442362
57480039
57517715
57555390
57593064
57630737
57668409
57706079
57743748
57781416
57819083
57856749
57894414
57932078
57969741
58007403
58045064
58082724
58120383
58158041
58195698
58233353
58271007
58308660
58346312
58383963
58421613
58459262
58496910
58534557
58572203
58609848
58647492
58685135
58722777
58760418
58798058
58835697
58873335
58910972
58948608
58986243
59023877
59061437
59098996
59136554
59174111
59211665
59249221
59286776
59324329
59361880
59399432
59436982
59474531
59512079
59549626
59587172
59624717
59662261
59699804
59737345
59774887
59812427
59849966
59887504
59925041
59962577
60000112
60037646
60075179
60112711
60150242
60187772
60225301
60262829
60300356
60337882
60375407
60412931
60450454
60487976
60525497
60563017
60600536
60638054
60675571
60713087
60750602
60788116
60825629
60863141
60900652
60938162
60975671
61013179
61050686
61088192
61125697
61163201
61200704
61238206
61275707
61313207
61350706
61388204
61425701
61463197
61500692
61538186
61575679
61613171
61650662
61688152
61725638
61763123
61800607
61838090
61875572
61913053
61950532
61988012
62025490
62062967
62100442
62137915
62175387
62212857
62250326
62287794
62325259
62362723
62400186
62437648
62475109
62512569
62550028
62587486
62624943
62662399
62699854
62737308
62774761
62812213
62849664
62887114
62924563
62962011
62999458
63036904
63074349
63111793
63149236
63186678
63224119
63261559
63298998
63336434
63373869
63411303
63448736
63486168
63523599
63561029
63598457
63635884
63673310
63710735
63748159
63785582
63823004
63860425
63897845
63935264
63972682
64010099
64047515
64084930
64122344
64159756
64197167
64234577
64271986
64309394
64346801
64384207
64421609
64459009
64496408
64533806
64571203
64608599
64645994
64683388
64720781
64758173
64795564
64832954
64870343
64907731
64945118
64982504
65019889
65057273
65094656
65132038
65169419
65206799
65244178
65281556
65318933
65356309
65393684
65431053
65468421
65505788
65543154
65580518
65617881
65655243
65692604
65729960
65767315
65804669
65842022
65879374
65916724
65954073
65991421
66028768
66066114
66103459
66140803
66178146
66215488
66252829
66290169
66327508
66364846
66402183
66439518
66476854
66514183
66551511
66588838
66626164
66663488
66700811
66738039
66775265
66812490
66849714
66886937
66924159
66961380
66998600
67035819
67072997
67110173
67147346
67184518
67221689
67258859
67296028
67333196
67370363
67407529
67444694
67481858
67519007
67556155
67593302
67630448
67667593
67704737
67741880
67779022
67816163
67853303
67890442
67927580
67964717
68001853
68038988
68076122
68113255
68150387
68187518
68224648
68261777
68298905
68336032
68373158
68410283
68447407
68484530
68521652
68558773
68595893
68633012
68670130
68707247
68744363
68781476
68818588
68855699
68892809
68929918
68967026
69004133
